28
CY022693_A_chicken_New_South_Wales_2_1997_H7N4__04-12-1997                                                                          0.0000000 0.0024321 0.0024323 0.0024321 0.0000010 0.0024323 0.0024321 0.0306529 0.0306529 0.0547323 0.0547323 0.0737475 0.0737475 0.0729388 0.1140111 0.1143097 0.0650131 0.0692411 0.3013501 0.3157692 0.7923920 0.8310631 0.8111805 0.8354760 0.8527995 1.0570906 1.0467378 1.0455527 
CY022709_A_emu_New_South_Wales_775_1997_H7N4__08-12-1997                                                                            0.0024321 0.0000000 0.0036596 0.0000010 0.0024321 0.0036596 0.0000010 0.0306661 0.0306661 0.0547581 0.0547581 0.0721510 0.0721510 0.0729754 0.1150199 0.1143749 0.0658374 0.0700824 0.3030534 0.3190561 0.7954718 0.8342652 0.8143084 0.8386833 0.8560425 1.0627442 1.0523294 1.0511338 
CY022701_A_chicken_New_South_Wales_327_1997_H7N4__27-11-1997                                                                        0.0024323 0.0036596 0.0000000 0.0036596 0.0024323 0.0000010 0.0036596 0.0320656 0.0320656 0.0563051 0.0563051 0.0754491 0.0754491 0.0746351 0.1160313 0.1163245 0.0666550 0.0709171 0.2990641 0.3165277 0.7951992 0.8339902 0.8140369 0.8384081 0.8557639 1.0622729 1.0518726 1.0506789 
CY022709.1_Influenza_A_virus__A_emu_New_South_Wales_775_1997_H7N4___segment_4__complete_sequence_27-06-2007                         0.0024321 0.0000010 0.0036596 0.0000000 0.0023617 0.0035534 0.0000010 0.0306661 0.0304083 0.0547581 0.0537255 0.0721510 0.0736759 0.0744806 0.1163337 0.1157009 0.0636709 0.0677949 0.3030534 0.3190561 0.7954718 0.8342652 0.8143084 0.8386833 0.8560425 1.0824182 1.0721433 1.0709517 
CY022693.1_Influenza_A_virus__A_chicken_New_South_Wales_2_1997_H7N4___segment_4__complete_sequence_27-06-2007                       0.0000010 0.0024321 0.0024323 0.0023617 0.0000000 0.0023619 0.0023617 0.0306529 0.0303956 0.0547323 0.0537010 0.0737475 0.0752331 0.0744443 0.1153507 0.1156367 0.0628775 0.0669851 0.3013501 0.3157692 0.7923920 0.8310631 0.8111805 0.8354760 0.8527995 1.0767941 1.0665800 1.0653987 
CY022701.1_Influenza_A_virus__A_chicken_New_South_Wales_327_1997_H7N4___segment_4__complete_sequence_27-06-2007                     0.0024323 0.0036596 0.0000010 0.0035534 0.0023619 0.0000000 0.0035515 0.0320656 0.0317664 0.0563051 0.0552213 0.0754491 0.0768947 0.0761008 0.1172411 0.1175220 0.0644186 0.0685983 0.2990641 0.3165277 0.7951992 0.8339902 0.8140369 0.8384081 0.8557639 1.0807277 1.0704815 1.0692941 
AY943924.1_Influenza_A_Virus__A_chicken_NSW_1_97_H7N4___hemagglutinin_gene__complete_cds_01-03-2006                                 0.0024321 0.0000010 0.0036596 0.0000010 0.0023617 0.0035515 0.0000000 0.0306661 0.0304083 0.0547581 0.0537255 0.0721510 0.0736759 0.0744806 0.1162560 0.1156239 0.0636324 0.0677949 0.3030534 0.3190561 0.7954718 0.8342652 0.8143084 0.8386833 0.8560425 1.0422752 1.0325034 1.0313929 
CY022685_A_chicken_Queensland_1994_H7N3__21-12-1994                                                                                 0.0306529 0.0306661 0.0320656 0.0306661 0.0306529 0.0320656 0.0306661 0.0000000 0.0000010 0.0387176 0.0387176 0.0626146 0.0626146 0.0618428 0.1052804 0.1065183 0.0869722 0.0881444 0.3036312 0.3134813 0.7917759 0.8305332 0.7971072 0.8211297 0.8265715 1.0400061 1.0296998 1.0285306 
CY022685.1_Influenza_A_virus__A_chicken_Queensland_1994_H7N3___segment_4__complete_sequence_27-06-2007                              0.0306529 0.0306661 0.0320656 0.0304083 0.0303956 0.0317664 0.0304083 0.0000010 0.0000000 0.0387176 0.0375324 0.0626146 0.0636232 0.0628707 0.1060044 0.1072062 0.0848822 0.0860061 0.3036312 0.3134813 0.7917759 0.8305332 0.7971072 0.8211297 0.8265715 1.0629249 1.0527384 1.0515686 
CY025077_A_chicken_Victoria_224_1992_H7N3__30-7-1992                                                                                0.0547323 0.0547581 0.0563051 0.0547581 0.0547323 0.0563051 0.0547581 0.0387176 0.0387176 0.0000000 0.0000010 0.0484065 0.0484065 0.0476690 0.0897584 0.0901344 0.0978365 0.1008909 0.2934448 0.3019230 0.7651305 0.7969627 0.7717895 0.7870775 0.8027371 0.9955901 0.9856453 0.9845441 
CY025077.1_Influenza_A_virus__A_chicken_Victoria_224_1992_H7N3___segment_4__complete_sequence_06-09-2007                            0.0547323 0.0547581 0.0563051 0.0537255 0.0537010 0.0552213 0.0537255 0.0387176 0.0375324 0.0000010 0.0000000 0.0484065 0.0497367 0.0490172 0.0908395 0.0912014 0.0952981 0.0982939 0.2934448 0.3019230 0.7651305 0.7969627 0.7717895 0.7870775 0.8027371 1.0177173 1.0079006 1.0067998 
CY025069_A_chicken_Victoria_1_1985_H7N7__31-5-1985                                                                                  0.0737475 0.0721510 0.0754491 0.0721510 0.0737475 0.0754491 0.0721510 0.0626146 0.0626146 0.0484065 0.0484065 0.0000000 0.0000010 0.0018216 0.0540713 0.0521801 0.1187239 0.1201404 0.2831459 0.3052751 0.7736721 0.7990050 0.7691748 0.7988553 0.8295261 1.0682971 1.0578500 1.0566473 
CY025069.1_Influenza_A_virus__A_chicken_Victoria_1_1985_H7N7___segment_4__complete_sequence_06-09-2007                              0.0737475 0.0721510 0.0754491 0.0736759 0.0752331 0.0768947 0.0736759 0.0626146 0.0636232 0.0484065 0.0497367 0.0000010 0.0000000 0.0017701 0.0530934 0.0512680 0.1190220 0.1204791 0.2831459 0.3052751 0.7736721 0.7990050 0.7691748 0.7988553 0.8295261 1.0876438 1.0773546 1.0761583 
CY024778.1_Influenza_A_virus__A_starling_Victoria_1985_H7N7___segment_4__complete_sequence_09-08-2007                               0.0729388 0.0729754 0.0746351 0.0744806 0.0744443 0.0761008 0.0744806 0.0618428 0.0628707 0.0476690 0.0490172 0.0018216 0.0017701 0.0000000 0.0523595 0.0505431 0.1162823 0.1177166 0.2817949 0.3009511 0.7712395 0.8013394 0.7667633 0.7963700 0.8269596 1.0844608 1.0742006 1.0730095 
CY061602.1_Influenza_A_virus__A_duck_Victoria_1976_H7N7___hemagglutinin__HA__gene__complete_cds_19-04-2010                          0.1140111 0.1150199 0.1160313 0.1163337 0.1153507 0.1172411 0.1162560 0.1052804 0.1060044 0.0897584 0.0908395 0.0540713 0.0530934 0.0523595 0.0000000 0.0084551 0.1582369 0.1622743 0.2767877 0.2761598 0.7725561 0.8031184 0.7883450 0.8072785 0.8230115 1.0867702 1.0830861 1.0818758 
CY024786.1_Influenza_A_virus__A_chicken_Victoria_1976_H7N7___segment_4__complete_sequence_09-08-2007                                0.1143097 0.1143749 0.1163245 0.1157009 0.1156367 0.1175220 0.1156239 0.1065183 0.1072062 0.0901344 0.0912014 0.0521801 0.0512680 0.0505431 0.0084551 0.0000000 0.1537166 0.1576767 0.2794528 0.2966583 0.7580867 0.7875673 0.7777155 0.7965386 0.8121686 1.0654028 1.0617386 1.0605582 
CY061610.1_Influenza_A_virus__A_duck_Victoria_512_2007_H7N6___segment_4__complete_sequence_19-04-2010                               0.0650131 0.0658374 0.0666550 0.0636709 0.0628775 0.0644186 0.0636324 0.0869722 0.0848822 0.0978365 0.0952981 0.1187239 0.1190220 0.1162823 0.1582369 0.1537166 0.0000000 0.0127764 0.3347539 0.3304952 0.7890573 0.8160880 0.8225407 0.8409925 0.8616790 1.1420528 1.1313592 1.1300832 
CY033161.1_Influenza_A_virus__A_duck_Tasmania_277_2007_H7N2___segment_4__complete_sequence_03-07-2008                               0.0692411 0.0700824 0.0709171 0.0677949 0.0669851 0.0685983 0.0677949 0.0881444 0.0860061 0.1008909 0.0982939 0.1201404 0.1204791 0.1177166 0.1622743 0.1576767 0.0127764 0.0000000 0.3542321 0.3468233 0.7966630 0.8231599 0.8350803 0.8537721 0.8791304 1.1303630 1.1197679 1.1185105 
GU060482_A_goose_Czech_Republic_1848-K9_2009_04-2-2009                                                                              0.3013501 0.3030534 0.2990641 0.3030534 0.3013501 0.2990641 0.3030534 0.3036312 0.3036312 0.2934448 0.2934448 0.2831459 0.2831459 0.2817949 0.2767877 0.2794528 0.3347539 0.3542321 0.0000000 0.0544907 0.7208007 0.7558602 0.7402645 0.7636813 0.7805651 1.0289160 1.0187173 1.0175671 
CY025117_A_quail_Italy_4992_1999_30-12-1999                                                                                         0.3157692 0.3190561 0.3165277 0.3190561 0.3157692 0.3165277 0.3190561 0.3134813 0.3134813 0.3019230 0.3019230 0.3052751 0.3052751 0.3009511 0.2761598 0.2966583 0.3304952 0.3468233 0.0544907 0.0000000 0.7480097 0.7722874 0.7559862 0.7796448 0.8023269 1.0563825 1.0459452 1.0447510 
CY016188_A_mallard_Ohio_322_1998_13-1-1998                                                                                          0.7923920 0.7954718 0.7951992 0.7954718 0.7923920 0.7951992 0.7954718 0.7917759 0.7917759 0.7651305 0.7651305 0.7736721 0.7736721 0.7712395 0.7725561 0.7580867 0.7890573 0.7966630 0.7208007 0.7480097 0.0000000 0.0397689 0.0841122 0.0780040 0.0894699 1.0215127 1.0134274 1.0122767 
CY127253_A_ruddy_turnstone_Delaware_Bay_220_1995_21-5-1995                                                                          0.8310631 0.8342652 0.8339902 0.8342652 0.8310631 0.8339902 0.8342652 0.8305332 0.8305332 0.7969627 0.7969627 0.7990050 0.7990050 0.8013394 0.8031184 0.7875673 0.8160880 0.8231599 0.7558602 0.7722874 0.0397689 0.0000000 0.0670772 0.0602092 0.0783016 1.0454863 1.0372900 1.0361035 
CY079308_A_American_green-winged_teal_Mississippi_09OS046_2009_09-1-2009                                                            0.8111805 0.8143084 0.8140369 0.8143084 0.8111805 0.8140369 0.8143084 0.7971072 0.7971072 0.7717895 0.7717895 0.7691748 0.7691748 0.7667633 0.7883450 0.7777155 0.8225407 0.8350803 0.7402645 0.7559862 0.0841122 0.0670772 0.0000000 0.0209148 0.0410099 1.0258882 1.0178117 1.0166587 
CY094373_A_northern_shoveler_California_HKWF1372C_2007_12-12-2007                                                                   0.8354760 0.8386833 0.8384081 0.8386833 0.8354760 0.8384081 0.8386833 0.8211297 0.8211297 0.7870775 0.7870775 0.7988553 0.7988553 0.7963700 0.8072785 0.7965386 0.8409925 0.8537721 0.7636813 0.7796448 0.0780040 0.0602092 0.0209148 0.0000000 0.0387730 1.0218810 1.0138021 1.0126522 
CY102967_A_laughing_gull_Delaware_Bay_42_2006_22-5-2006                                                                             0.8527995 0.8560425 0.8557639 0.8560425 0.8527995 0.8557639 0.8560425 0.8265715 0.8265715 0.8027371 0.8027371 0.8295261 0.8295261 0.8269596 0.8230115 0.8121686 0.8616790 0.8791304 0.7805651 0.8023269 0.0894699 0.0783016 0.0410099 0.0387730 0.0000000 1.0070070 0.9989813 0.9978510 
CY006032.1_Influenza_A_virus__A_Australian_shelduck_Western_Australia_1756_1983_H15N2___segment_4__complete_sequence_26-01-2006     1.0570906 1.0627442 1.0622729 1.0824182 1.0767941 1.0807277 1.0422752 1.0400061 1.0629249 0.9955901 1.0177173 1.0682971 1.0876438 1.0844608 1.0867702 1.0654028 1.1420528 1.1303630 1.0289160 1.0563825 1.0215127 1.0454863 1.0258882 1.0218810 1.0070070 0.0000000 0.0017085 0.0017077 
CY006034.1_Influenza_A_virus__A_wedge-tailed_shearwater_Western_Australia_2327_1983_H15N9___segment_4__complete_sequence_26-01-2006 1.0467378 1.0523294 1.0518726 1.0721433 1.0665800 1.0704815 1.0325034 1.0296998 1.0527384 0.9856453 1.0079006 1.0578500 1.0773546 1.0742006 1.0830861 1.0617386 1.1313592 1.1197679 1.0187173 1.0459452 1.0134274 1.0372900 1.0178117 1.0138021 0.9989813 0.0017085 0.0000000 0.0000010 
CY006033.1_Influenza_A_virus__A_sooty_tern_Western_Australia_2190_1983_H15N9___segment_4__complete_sequence_26-01-2006              1.0455527 1.0511338 1.0506789 1.0709517 1.0653987 1.0692941 1.0313929 1.0285306 1.0515686 0.9845441 1.0067998 1.0566473 1.0761583 1.0730095 1.0818758 1.0605582 1.1300832 1.1185105 1.0175671 1.0447510 1.0122767 1.0361035 1.0166587 1.0126522 0.9978510 0.0017077 0.0000010 0.0000000 
