36
CY022693_A_chicken_New                      0.0000000 0.0024306 0.0300792 0.0300806 0.0709362 0.0778303 0.0516595 0.0531031 0.1078769 0.0667450 0.0628179 0.1075495 0.0024303 0.0701767 0.0778357 0.5977175 0.2626485 0.2738977 0.2631000 0.2739005 0.2590671 0.2694077 0.2600455 0.2525177 0.2726820 0.2784819 0.2608804 0.2746695 0.2711710 0.5849401 0.6296608 0.6019675 0.6188411 0.6294136 0.6129550 0.2223826 
CY022701_A_chicken_New                      0.0024306 0.0000000 0.0314431 0.0314447 0.0725104 0.0794560 0.0531331 0.0545852 0.1096681 0.0683037 0.0643519 0.1093455 0.0036545 0.0717470 0.0794615 0.5991639 0.2605227 0.2743012 0.2634787 0.2743040 0.2594363 0.2698000 0.2604152 0.2528685 0.2730831 0.2788976 0.2612533 0.2750750 0.2715683 0.5863379 0.6311368 0.6033896 0.6203027 0.6308890 0.6144182 0.2226639 
AF202231_A_chicken_Queensland_667_95_H7N3_  0.0300792 0.0314431 0.0000000 0.0012149 0.0593351 0.0637704 0.0366476 0.0380167 0.1012746 0.0841497 0.0831135 0.1017577 0.0300895 0.0600548 0.0652611 0.5789711 0.2663735 0.2725645 0.2667433 0.2725673 0.2528542 0.2755940 0.2587873 0.2489622 0.2663997 0.2721196 0.2626848 0.2757723 0.2698511 0.5876850 0.6120548 0.5941388 0.6108896 0.6118136 0.6117091 0.2154694 
CY022685_A_chicken_Queensland_1994_H7N3_    0.0300806 0.0314447 0.0012149 0.0000000 0.0607918 0.0652611 0.0366494 0.0380186 0.1012825 0.0841557 0.0831193 0.1001015 0.0300909 0.0600584 0.0652651 0.5790445 0.2664119 0.2726042 0.2667820 0.2726070 0.2528900 0.2756343 0.2588242 0.2489969 0.2664383 0.2721594 0.2627227 0.2758127 0.2698904 0.5877563 0.6121220 0.5942086 0.6109570 0.6118808 0.6157639 0.2154971 
CY025069_A_chicken_Victoria_1_1985_H7N7_    0.0709362 0.0725104 0.0593351 0.0607918 0.0000000 0.0068082 0.0458109 0.0472246 0.0508206 0.1132520 0.1120434 0.0525904 0.0694441 0.0018204 0.0080615 0.6024674 0.2496806 0.2641058 0.2491008 0.2641086 0.2391952 0.2536121 0.2325014 0.2390289 0.2433506 0.2488065 0.2555404 0.2612480 0.2492046 0.5742884 0.6139399 0.5717389 0.5932531 0.6136976 0.5910897 0.2100371 
M17735_A_chicken_Victoria_1_1985_H7N7_      0.0778303 0.0794560 0.0637704 0.0652611 0.0068082 0.0000000 0.0528229 0.0542823 0.0564832 0.1215044 0.1202321 0.0583348 0.0778609 0.0074334 0.0012129 0.6266346 0.2590522 0.2722977 0.2593254 0.2723005 0.2467294 0.2615131 0.2398292 0.2464823 0.2510027 0.2566147 0.2635325 0.2719242 0.2570092 0.6003577 0.6325623 0.5934940 0.6153925 0.6323121 0.6159016 0.2166606 
AF202227_A_chicken_Victoria_1_92_H7N3_      0.0516595 0.0531331 0.0366476 0.0366494 0.0458109 0.0528229 0.0000000 0.0012136 0.0876602 0.0943754 0.0916572 0.0872671 0.0516783 0.0451076 0.0528260 0.5747592 0.2588926 0.2643147 0.2543328 0.2643176 0.2453452 0.2629742 0.2465555 0.2438720 0.2613884 0.2670822 0.2616632 0.2732840 0.2624174 0.5668980 0.5977191 0.5784147 0.5884629 0.5974852 0.5939414 0.2191826 
CY025077_A_chicken_Victoria_224_1992_H7N3_  0.0531031 0.0545852 0.0380167 0.0380186 0.0472246 0.0542823 0.0012136 0.0000000 0.0860844 0.0960200 0.0932849 0.0856870 0.0531225 0.0465183 0.0542854 0.5734580 0.2565112 0.2619083 0.2519542 0.2619112 0.2430002 0.2605766 0.2442162 0.2415533 0.2589864 0.2646575 0.2592570 0.2708442 0.2600134 0.5696786 0.5964166 0.5771461 0.5871762 0.5961835 0.5926350 0.2169832 
CY024786_A_chicken_Victoria_1976_H7N7_      0.1078769 0.1096681 0.1012746 0.1012825 0.0508206 0.0564832 0.0876602 0.0860844 0.0000000 0.1464141 0.1431184 0.0086698 0.1079221 0.0501059 0.0564865 0.6019164 0.2444626 0.2556595 0.2430368 0.2556625 0.2308590 0.2485405 0.2365463 0.2353359 0.2373019 0.2404035 0.2403705 0.2576544 0.2432435 0.5571309 0.6022220 0.5742437 0.5874822 0.5978764 0.5775892 0.1932806 
CY033161_A_duck_Tasmania_277_2007_H7N2_     0.0667450 0.0683037 0.0841497 0.0841557 0.1132520 0.1215044 0.0943754 0.0960200 0.1464141 0.0000000 0.0130715 0.1504858 0.0675229 0.1106779 0.1197410 0.6390973 0.3040136 0.2991703 0.3014069 0.2991731 0.2902101 0.2987798 0.2916851 0.2967997 0.3036086 0.3098146 0.2858633 0.2979504 0.3042600 0.5809136 0.6415634 0.6126069 0.6247916 0.6413103 0.5998148 0.2502957 
CY061610_A_duck_Victoria_512_2007_H7N6_     0.0628179 0.0643519 0.0831135 0.0831193 0.1120434 0.1202321 0.0916572 0.0932849 0.1431184 0.0130715 0.0000000 0.1471401 0.0635836 0.1094848 0.1184797 0.6165839 0.2885330 0.2859197 0.2880365 0.2859224 0.2771153 0.2880246 0.2811044 0.2887836 0.2955238 0.3016225 0.2735558 0.2820570 0.2908309 0.5771848 0.6309084 0.6054255 0.6174810 0.6306594 0.5968036 0.2503178 
CY061602_A_duck_Victoria_1976_H7N7_         0.1075495 0.1093455 0.1017577 0.1001015 0.0525904 0.0583348 0.0872671 0.0856870 0.0086698 0.1504858 0.1471401 0.0000000 0.1084417 0.0518677 0.0583383 0.6075467 0.2391423 0.2413935 0.2346642 0.2413967 0.2233727 0.2401339 0.2290258 0.2277590 0.2290154 0.2320628 0.2320202 0.2490997 0.2348805 0.5598046 0.6019399 0.5739498 0.5871957 0.5975933 0.5812143 0.1858039 
CY022709_A_emu_New                          0.0024303 0.0036545 0.0300895 0.0300909 0.0694441 0.0778609 0.0516783 0.0531225 0.1079221 0.0675229 0.0635836 0.1084417 0.0000000 0.0702035 0.0778662 0.5990495 0.2653010 0.2766104 0.2657696 0.2766131 0.2617170 0.2720967 0.2626877 0.2551137 0.2753932 0.2812226 0.2635354 0.2748231 0.2738734 0.5862304 0.6310180 0.6032764 0.6201848 0.6307701 0.6143004 0.2248042 
CY024778_A_starling_Victoria_1985_H7N7_     0.0701767 0.0717470 0.0600548 0.0600584 0.0018204 0.0074334 0.0451076 0.0465183 0.0501059 0.1106779 0.1094848 0.0518677 0.0702035 0.0000000 0.0061821 0.6004046 0.2484841 0.2603968 0.2478979 0.2603997 0.2380137 0.2524059 0.2313373 0.2378595 0.2421600 0.2476041 0.2543248 0.2625077 0.2480035 0.5722746 0.6118770 0.5697413 0.5912261 0.6116357 0.5929749 0.2089361 
M17736_A_starling_Victoria_1_1985_H7N7_     0.0778357 0.0794615 0.0652611 0.0652651 0.0080615 0.0012129 0.0528260 0.0542854 0.0564865 0.1197410 0.1184797 0.0583383 0.0778662 0.0061821 0.0000000 0.6267001 0.2590895 0.2697839 0.2593629 0.2697867 0.2467643 0.2615509 0.2398625 0.2465167 0.2510385 0.2566516 0.2635709 0.2719642 0.2570462 0.6004272 0.6326262 0.5935642 0.6154591 0.6323761 0.6199866 0.2166887 
DQ525411_A_cinnamon                         0.5977175 0.5991639 0.5789711 0.5790445 0.6024674 0.6266346 0.5747592 0.5734580 0.6019164 0.6390973 0.6165839 0.6075467 0.5990495 0.6004046 0.6267001 0.0000000 0.5715810 0.5748860 0.5649794 0.5749319 0.5473643 0.5744538 0.5563762 0.5626435 0.5740644 0.5816637 0.5570288 0.5971686 0.5814676 0.2934537 0.2984287 0.2966634 0.2980267 0.2979585 0.3046430 0.5904288 
GU060482_A_goose_Czech                      0.2626485 0.2605227 0.2663735 0.2664119 0.2496806 0.2590522 0.2588926 0.2565112 0.2444626 0.3040136 0.2885330 0.2391423 0.2653010 0.2484841 0.2590895 0.5715810 0.0000000 0.0516152 0.0396387 0.0516177 0.0766909 0.0430210 0.0638334 0.0542542 0.0423554 0.0444997 0.0716836 0.0793329 0.0444234 0.5174191 0.5684820 0.5358497 0.5530609 0.5632472 0.5438292 0.1627331 
CY107846_A_chicken_Italy_445_1999           0.2738977 0.2743012 0.2725645 0.2726042 0.2641058 0.2722977 0.2643147 0.2619083 0.2556595 0.2991703 0.2859197 0.2413935 0.2766104 0.2603968 0.2697839 0.5748860 0.0516152 0.0000000 0.0348342 0.0012065 0.0550879 0.0423505 0.0402316 0.0339242 0.0375260 0.0410142 0.0510769 0.0588967 0.0382026 0.5431937 0.5886354 0.5515624 0.5688412 0.5833570 0.5599617 0.1568211 
CY021493_A_turkey_Italy_2987_2003           0.2631000 0.2634787 0.2667433 0.2667820 0.2491008 0.2593254 0.2543328 0.2519542 0.2430368 0.3014069 0.2880365 0.2346642 0.2657696 0.2478979 0.2593629 0.5649794 0.0396387 0.0348342 0.0000000 0.0348360 0.0654362 0.0341344 0.0515405 0.0361291 0.0280907 0.0314761 0.0582605 0.0602697 0.0287460 0.5308808 0.5648339 0.5284802 0.5454983 0.5596440 0.5431259 0.1503759 
CY025117_A_quail_Italy_4992_1999            0.2739005 0.2743040 0.2725673 0.2726070 0.2641086 0.2723005 0.2643176 0.2619112 0.2556625 0.2991731 0.2859224 0.2413967 0.2766131 0.2603997 0.2697867 0.5749319 0.0516177 0.0012065 0.0348360 0.0000000 0.0550906 0.0423526 0.0402336 0.0339260 0.0375279 0.0410163 0.0496539 0.0588994 0.0382046 0.5432300 0.5886859 0.5516009 0.5688851 0.5834056 0.5600033 0.1549467 
AB517637_A_northern                         0.2590671 0.2594363 0.2528542 0.2528900 0.2391952 0.2467294 0.2453452 0.2430002 0.2308590 0.2902101 0.2771153 0.2233727 0.2617170 0.2380137 0.2467643 0.5473643 0.0766909 0.0550879 0.0654362 0.0550906 0.0000000 0.0705449 0.0367294 0.0614440 0.0632198 0.0670052 0.0777238 0.0832285 0.0639425 0.5383301 0.5589657 0.5244927 0.5482215 0.5537870 0.5501751 0.1594432 
AB450448_A_duck_Mongolia_720_2007           0.2694077 0.2698000 0.2755940 0.2756343 0.2536121 0.2615131 0.2629742 0.2605766 0.2485405 0.2987798 0.2880246 0.2401339 0.2720967 0.2524059 0.2615509 0.5744538 0.0430210 0.0423505 0.0341344 0.0423526 0.0705449 0.0000000 0.0535991 0.0457134 0.0354444 0.0389053 0.0686126 0.0731195 0.0347458 0.5353457 0.5799141 0.5472528 0.5604027 0.5746661 0.5599646 0.1659278 
AB473543_A_duck_Mongolia_867_2002           0.2600455 0.2604152 0.2587873 0.2588242 0.2325014 0.2398292 0.2465555 0.2442162 0.2365463 0.2916851 0.2811044 0.2290258 0.2626877 0.2313373 0.2398625 0.5563762 0.0638334 0.0402316 0.0515405 0.0402336 0.0367294 0.0535991 0.0000000 0.0491944 0.0494137 0.0530388 0.0693044 0.0731525 0.0486867 0.5502237 0.5718937 0.5314835 0.5513592 0.5666678 0.5581812 0.1543189 
AY338458_A_chicken_Netherlands_1_2003       0.2525177 0.2528685 0.2489622 0.2489969 0.2390289 0.2464823 0.2438720 0.2415533 0.2353359 0.2967997 0.2887836 0.2277590 0.2551137 0.2378595 0.2465167 0.5626435 0.0542542 0.0339242 0.0361291 0.0339260 0.0614440 0.0457134 0.0491944 0.0000000 0.0373890 0.0408639 0.0609976 0.0654092 0.0408109 0.5312267 0.5674675 0.5246134 0.5367636 0.5622972 0.5467788 0.1432368 
CY041410_A_mallard_Netherlands_33_2006      0.2726820 0.2730831 0.2663997 0.2664383 0.2433506 0.2510027 0.2613884 0.2589864 0.2373019 0.3036086 0.2955238 0.2290154 0.2753932 0.2421600 0.2510385 0.5740644 0.0423554 0.0375260 0.0280907 0.0375279 0.0632198 0.0354444 0.0494137 0.0373890 0.0000000 0.0042804 0.0627625 0.0657394 0.0130090 0.5339893 0.5686269 0.5371875 0.5510631 0.5634364 0.5448849 0.1509747 
CY043832_A_mallard_Netherlands_29_2006      0.2784819 0.2788976 0.2721196 0.2721594 0.2488065 0.2566147 0.2670822 0.2646575 0.2404035 0.3098146 0.3016225 0.2320628 0.2812226 0.2476041 0.2566516 0.5816637 0.0444997 0.0410142 0.0314761 0.0410163 0.0670052 0.0389053 0.0530388 0.0408639 0.0042804 0.0000000 0.0665593 0.0710725 0.0162030 0.5395986 0.5743416 0.5427639 0.5567035 0.5691270 0.5505776 0.1521350 
AF202244_A_ostrich_South                    0.2608804 0.2612533 0.2626848 0.2627227 0.2555404 0.2635325 0.2616632 0.2592570 0.2403705 0.2858633 0.2735558 0.2320202 0.2635354 0.2543248 0.2635709 0.5570288 0.0716836 0.0510769 0.0582605 0.0496539 0.0777238 0.0686126 0.0693044 0.0609976 0.0627625 0.0665593 0.0000000 0.0432131 0.0634876 0.5308952 0.5604860 0.5226032 0.5415234 0.5576145 0.5404164 0.1219183 
AF202253_A_ostrich_South                    0.2746695 0.2750750 0.2757723 0.2758127 0.2612480 0.2719242 0.2732840 0.2708442 0.2576544 0.2979504 0.2820570 0.2490997 0.2748231 0.2625077 0.2719642 0.5971686 0.0793329 0.0588967 0.0602697 0.0588994 0.0832285 0.0731195 0.0731525 0.0654092 0.0657394 0.0710725 0.0432131 0.0000000 0.0664541 0.5419222 0.5668468 0.5363262 0.5507787 0.5616280 0.5617017 0.1444687 
FJ803182_A_mallard_Sweden_S90597_2005       0.2711710 0.2715683 0.2698511 0.2698904 0.2492046 0.2570092 0.2624174 0.2600134 0.2432435 0.3042600 0.2908309 0.2348805 0.2738734 0.2480035 0.2570462 0.5814676 0.0444234 0.0382026 0.0287460 0.0382046 0.0639425 0.0347458 0.0486867 0.0408109 0.0130090 0.0162030 0.0634876 0.0664541 0.0000000 0.5230988 0.5661614 0.5379329 0.5518110 0.5609898 0.5338409 0.1537809 
CY016188_A_mallard_Ohio_322_1998            0.5849401 0.5863379 0.5876850 0.5877563 0.5742884 0.6003577 0.5668980 0.5696786 0.5571309 0.5809136 0.5771848 0.5598046 0.5862304 0.5722746 0.6004272 0.2934537 0.5174191 0.5431937 0.5308808 0.5432300 0.5383301 0.5353457 0.5502237 0.5312267 0.5339893 0.5395986 0.5308952 0.5419222 0.5230988 0.0000000 0.0870075 0.0807668 0.0751577 0.0859134 0.0389111 0.5626763 
GQ257396_A_ruddyturnstone_Delaware_752_2006 0.6296608 0.6311368 0.6120548 0.6121220 0.6139399 0.6325623 0.5977191 0.5964166 0.6022220 0.6415634 0.6309084 0.6019399 0.6310180 0.6118770 0.6326262 0.2984287 0.5684820 0.5886354 0.5648339 0.5886859 0.5589657 0.5799141 0.5718937 0.5674675 0.5686269 0.5743416 0.5604860 0.5668468 0.5661614 0.0870075 0.0000000 0.0401936 0.0380540 0.0012139 0.0753231 0.5824266 
CY079308_A_American                         0.6019675 0.6033896 0.5941388 0.5942086 0.5717389 0.5934940 0.5784147 0.5771461 0.5742437 0.6126069 0.6054255 0.5739498 0.6032764 0.5697413 0.5935642 0.2966634 0.5358497 0.5515624 0.5284802 0.5516009 0.5244927 0.5472528 0.5314835 0.5246134 0.5371875 0.5427639 0.5226032 0.5363262 0.5379329 0.0807668 0.0401936 0.0000000 0.0207127 0.0402115 0.0648259 0.5438281 
CY094373_A_northern                         0.6188411 0.6203027 0.6108896 0.6109570 0.5932531 0.6153925 0.5884629 0.5871762 0.5874822 0.6247916 0.6174810 0.5871957 0.6201848 0.5912261 0.6154591 0.2980267 0.5530609 0.5688412 0.5454983 0.5688851 0.5482215 0.5604027 0.5513592 0.5367636 0.5510631 0.5567035 0.5415234 0.5507787 0.5518110 0.0751577 0.0380540 0.0207127 0.0000000 0.0380707 0.0585743 0.5594001 
CY102967_A_laughing                         0.6294136 0.6308890 0.6118136 0.6118808 0.6136976 0.6323121 0.5974852 0.5961835 0.5978764 0.6413103 0.6306594 0.5975933 0.6307701 0.6116357 0.6323761 0.2979585 0.5632472 0.5833570 0.5596440 0.5834056 0.5537870 0.5746661 0.5666678 0.5622972 0.5634364 0.5691270 0.5576145 0.5616280 0.5609898 0.0859134 0.0012139 0.0402115 0.0380707 0.0000000 0.0753631 0.5771045 
CY127253_A_ruddy                            0.6129550 0.6144182 0.6117091 0.6157639 0.5910897 0.6159016 0.5939414 0.5926350 0.5775892 0.5998148 0.5968036 0.5812143 0.6143004 0.5929749 0.6199866 0.3046430 0.5438292 0.5599617 0.5431259 0.5600033 0.5501751 0.5599646 0.5581812 0.5467788 0.5448849 0.5505776 0.5404164 0.5617017 0.5338409 0.0389111 0.0753231 0.0648259 0.0585743 0.0753631 0.0000000 0.5701542 
U20462_A_turkey_England_1963                0.2223826 0.2226639 0.2154694 0.2154971 0.2100371 0.2166606 0.2191826 0.2169832 0.1932806 0.2502957 0.2503178 0.1858039 0.2248042 0.2089361 0.2166887 0.5904288 0.1627331 0.1568211 0.1503759 0.1549467 0.1594432 0.1659278 0.1543189 0.1432368 0.1509747 0.1521350 0.1219183 0.1444687 0.1537809 0.5626763 0.5824266 0.5438281 0.5594001 0.5771045 0.5701542 0.0000000 
